0.000000000000000000e+00 -1.405480110161112517e-01 1.241695628427950115e-01
0.000000000000000000e+00 -2.215005235195521838e-01 1.120887522307447259e+00
0.000000000000000000e+00 -1.211160113156545926e+00 9.774514855539965241e-01
0.000000000000000000e+00 -1.000000000000000000e+00 0.000000000000000000e+00
0.000000000000000000e+00 1.000000000000000000e+00 0.000000000000000000e+00
0.000000000000000000e+00 1.225405525035617949e+00 9.742650303092158515e-01
0.000000000000000000e+00 1.375575967353594553e+00 1.962925153027849312e+00
0.000000000000000000e+00 6.103688120354461288e-01 2.606709285676291454e+00
1.000000000000000000e+00 -4.025786748452790942e-01 1.008577200844182231e+00
1.000000000000000000e+00 -1.277206778444632818e+00 1.493371673166421054e+00
1.000000000000000000e+00 -1.778252834744300737e+00 6.279510531979861643e-01
1.000000000000000000e+00 -1.000000000000000000e+00 0.000000000000000000e+00
1.000000000000000000e+00 1.000000000000000000e+00 0.000000000000000000e+00
1.000000000000000000e+00 7.209095577364876828e-01 9.602648202642628528e-01
1.000000000000000000e+00 -2.576895073158049776e-01 7.544885585653515747e-01
1.000000000000000000e+00 -3.572473275378282853e-01 -2.405432200390502651e-01
2.000000000000000000e+00 -2.746435009429268881e+00 1.018914415061868750e+00
2.000000000000000000e+00 -2.999338796709956512e+00 5.142298131215085333e-02
2.000000000000000000e+00 -1.999672356946418983e+00 2.559645985661630416e-02
2.000000000000000000e+00 -1.000000000000000000e+00 0.000000000000000000e+00
2.000000000000000000e+00 1.000000000000000000e+00 0.000000000000000000e+00
2.000000000000000000e+00 1.267013417161441113e+00 9.636928115617394708e-01
2.000000000000000000e+00 2.683212966617627426e-01 1.014820577519737199e+00
2.000000000000000000e+00 4.417480253689362035e-01 2.997380275224659218e-02
3.000000000000000000e+00 7.646442952992489328e-01 -1.111707423042922471e-01
3.000000000000000000e+00 2.710047086411031536e-01 7.584958366120042594e-01
3.000000000000000000e+00 -7.091426149509973964e-01 9.567664195416016870e-01
3.000000000000000000e+00 -1.000000000000000000e+00 0.000000000000000000e+00
3.000000000000000000e+00 1.000000000000000000e+00 0.000000000000000000e+00
3.000000000000000000e+00 1.079023568689797763e+00 9.968727479430505856e-01
3.000000000000000000e+00 5.753553444753273238e-01 1.860769917701490250e+00
3.000000000000000000e+00 -4.213027129582851416e-01 1.779083220175771807e+00
4.000000000000000000e+00 4.991227668321027711e-01 9.523701461358613507e-02
4.000000000000000000e+00 1.696359890437899587e-01 1.039397204021440313e+00
4.000000000000000000e+00 -8.288971470307019418e-01 9.852531723906129413e-01
4.000000000000000000e+00 -1.000000000000000000e+00 0.000000000000000000e+00
4.000000000000000000e+00 1.000000000000000000e+00 0.000000000000000000e+00
4.000000000000000000e+00 1.317574814157450591e+00 9.482332188933588757e-01
4.000000000000000000e+00 1.139246283292487449e+00 1.932204222063444110e+00
4.000000000000000000e+00 1.520967138233147997e-01 2.092003244265793871e+00
5.000000000000000000e+00 7.965430765141556790e-03 -3.795876033851131037e-02
5.000000000000000000e+00 -5.636747557160337596e-02 9.599697326720187940e-01
5.000000000000000000e+00 -1.055626772950220005e+00 9.984516323443738406e-01
5.000000000000000000e+00 -1.000000000000000000e+00 0.000000000000000000e+00
5.000000000000000000e+00 1.000000000000000000e+00 0.000000000000000000e+00
5.000000000000000000e+00 1.570737551738213611e+00 8.211325392626150910e-01
5.000000000000000000e+00 8.360371376809864197e-01 1.499524241440743921e+00
5.000000000000000000e+00 1.804371714626483714e-01 7.444158490264403127e-01
6.000000000000000000e+00 -2.238134658898497165e+00 2.478164717853088117e+00
6.000000000000000000e+00 -2.341347011495928498e+00 1.483505374021591550e+00
6.000000000000000000e+00 -1.670673505747964249e+00 7.417526870107957748e-01
6.000000000000000000e+00 -1.000000000000000000e+00 0.000000000000000000e+00
6.000000000000000000e+00 1.000000000000000000e+00 0.000000000000000000e+00
6.000000000000000000e+00 1.228778680322816008e+00 9.734784617184659705e-01
6.000000000000000000e+00 2.288356798397714886e-01 9.628015808553055388e-01
6.000000000000000000e+00 1.088019946745761857e-01 -2.996823860218722491e-02
7.000000000000000000e+00 -6.159284919240179956e-01 2.295141744998296485e+00
7.000000000000000000e+00 -1.491897846311734277e+00 1.812774986013427014e+00
7.000000000000000000e+00 -1.577430783775724432e+00 8.164396425628489551e-01
7.000000000000000000e+00 -1.000000000000000000e+00 0.000000000000000000e+00
7.000000000000000000e+00 1.000000000000000000e+00 0.000000000000000000e+00
7.000000000000000000e+00 6.186193386802208982e-01 9.244180824558160259e-01
7.000000000000000000e+00 -3.761024802040560111e-01 8.218095884820929564e-01
7.000000000000000000e+00 -3.290212371297105420e-01 -1.770814749230085194e-01
8.000000000000000000e+00 3.470228880258734439e-01 1.925842481851055332e+00
8.000000000000000000e+00 -6.528513708709242636e-01 1.941700173851456324e+00
8.000000000000000000e+00 -9.891394939463468150e-01 9.999410229649839943e-01
8.000000000000000000e+00 -1.000000000000000000e+00 0.000000000000000000e+00
8.000000000000000000e+00 1.000000000000000000e+00 0.000000000000000000e+00
8.000000000000000000e+00 7.552041303887544466e-01 9.695746398402106392e-01
8.000000000000000000e+00 -2.260421373011236579e-01 7.768163400326957291e-01
8.000000000000000000e+00 -7.832384891886401412e-01 -5.356443132659027828e-02
9.000000000000000000e+00 -6.007113711150835478e-02 1.804220315479792003e-01
9.000000000000000000e+00 -9.039422004139296973e-02 1.179962181137592880e+00
9.000000000000000000e+00 -1.073568133885683062e+00 9.972901933121463003e-01
9.000000000000000000e+00 -1.000000000000000000e+00 0.000000000000000000e+00
9.000000000000000000e+00 1.000000000000000000e+00 0.000000000000000000e+00
9.000000000000000000e+00 9.001192960436528168e-01 9.949994195863556268e-01
9.000000000000000000e+00 2.044689300985594871e-01 1.713379937390435259e+00
9.000000000000000000e+00 -6.975216156302674886e-01 2.145135719535634866e+00
1.000000000000000000e+01 1.688114951548911336e-01 -4.628919146979204591e-02
1.000000000000000000e+01 1.139027965149710386e-01 9.522021879690444335e-01
1.000000000000000000e+01 -8.852484514239498115e-01 9.933942229041793359e-01
1.000000000000000000e+01 -1.000000000000000000e+00 0.000000000000000000e+00
1.000000000000000000e+01 1.000000000000000000e+00 0.000000000000000000e+00
1.000000000000000000e+01 8.748823744752867171e-01 9.921419151427166572e-01
1.000000000000000000e+01 -1.189494317888604158e-01 1.103039799963585477e+00
1.000000000000000000e+01 -1.056707873924645824e+00 7.557515850713077965e-01
1.100000000000000000e+01 6.440398656986130455e-01 8.373715546939248799e-01
1.100000000000000000e+01 -2.034691218310429317e-01 1.368152598116217478e+00
1.100000000000000000e+01 -1.129838026923505545e+00 9.915352171075977328e-01
1.100000000000000000e+01 -1.000000000000000000e+00 0.000000000000000000e+00
1.100000000000000000e+01 1.000000000000000000e+00 0.000000000000000000e+00
1.100000000000000000e+01 8.444324862219867445e-01 9.878252622083156798e-01
1.100000000000000000e+01 -1.181986744229488462e-01 1.258641156415771789e+00
1.100000000000000000e+01 -9.912530774229435515e-01 7.710183417297455932e-01
1.200000000000000000e+01 -1.301862818426815505e+00 1.671745564347261626e+00
1.200000000000000000e+01 -2.112283978691438691e+00 1.085897851203870168e+00
1.200000000000000000e+01 -1.995692417521201190e+00 9.271790383084402287e-02
1.200000000000000000e+01 -1.000000000000000000e+00 0.000000000000000000e+00
1.200000000000000000e+01 1.000000000000000000e+00 0.000000000000000000e+00
1.200000000000000000e+01 1.099878441511776384e+00 9.949996466939968753e-01
1.200000000000000000e+01 1.032957082059470233e-01 9.123990675393537364e-01
1.200000000000000000e+01 -6.915316016079300354e-01 3.055633833759758833e-01
1.300000000000000000e+01 1.023479128180667885e+00 8.184734547970945462e-01
1.300000000000000000e+01 2.047900646177682749e-01 1.392710528837514117e+00
1.300000000000000000e+01 -6.926631000206144861e-01 9.516007723363096860e-01
1.300000000000000000e+01 -1.000000000000000000e+00 0.000000000000000000e+00
1.300000000000000000e+01 1.000000000000000000e+00 0.000000000000000000e+00
1.300000000000000000e+01 6.860114865615867252e-01 9.494267814996243393e-01
1.300000000000000000e+01 -3.123019498755776890e-01 8.913726461687128122e-01
1.300000000000000000e+01 -7.132738655370698400e-01 -2.471770027685105120e-02
1.400000000000000000e+01 1.537436783371131099e-01 1.076647544806756507e+00
1.400000000000000000e+01 -7.732405322100952549e-01 1.451747895907856911e+00
1.400000000000000000e+01 -1.556911550673908629e+00 8.305718058819372418e-01
1.400000000000000000e+01 -1.000000000000000000e+00 0.000000000000000000e+00
1.400000000000000000e+01 1.000000000000000000e+00 0.000000000000000000e+00
1.400000000000000000e+01 6.567823674477455409e-01 9.392559058665671534e-01
1.400000000000000000e+01 -3.284569818643676697e-01 1.110438336527670433e+00
1.400000000000000000e+01 -9.468901084094598630e-01 3.246009055079576155e-01
1.500000000000000000e+01 -1.285476182295428593e-01 1.617063465179272130e+00
1.500000000000000000e+01 -1.122435675124284993e+00 1.506670846032909683e+00
1.500000000000000000e+01 -1.713847506984874203e+00 7.003011757604580279e-01
1.500000000000000000e+01 -1.000000000000000000e+00 0.000000000000000000e+00
1.500000000000000000e+01 1.000000000000000000e+00 0.000000000000000000e+00
1.500000000000000000e+01 9.375976853240823861e-01 9.980510764099639331e-01
1.500000000000000000e+01 -6.233950630250872926e-02 9.868433646932147640e-01
1.500000000000000000e+01 -3.819009217936883971e-01 3.927779876689130312e-02
1.600000000000000000e+01 -7.875395872419304055e-01 1.195705405164045665e+00
1.600000000000000000e+01 -1.777248618831580362e+00 1.052610916137119768e+00
1.600000000000000000e+01 -1.997026383702327212e+00 7.706095121045394847e-02
1.600000000000000000e+01 -1.000000000000000000e+00 0.000000000000000000e+00
1.600000000000000000e+01 1.000000000000000000e+00 0.000000000000000000e+00
1.600000000000000000e+01 6.552967990595244263e-01 9.387117253243352222e-01
1.600000000000000000e+01 -3.443656458557202704e-01 9.646924148085584960e-01
1.600000000000000000e+01 -1.344028090770964745e+00 9.906731042927817699e-01
1.700000000000000000e+01 4.298694652912109504e-01 7.627637024164404256e-01
1.700000000000000000e+01 -1.185586637099592666e-01 1.598961398730102790e+00
1.700000000000000000e+01 -9.167268847034077961e-01 9.965267624448429507e-01
1.700000000000000000e+01 -1.000000000000000000e+00 0.000000000000000000e+00
1.700000000000000000e+01 1.000000000000000000e+00 0.000000000000000000e+00
1.700000000000000000e+01 1.453311370518183043e+00 8.913522319256997894e-01
1.700000000000000000e+01 5.200988918225324387e-01 1.250677251381233646e+00
1.700000000000000000e+01 2.534313840153386010e-01 2.868886644598589442e-01
1.800000000000000000e+01 2.969740339691249176e-01 1.588205238158212351e+00
1.800000000000000000e+01 -6.955586327443651351e-01 1.710184357300006397e+00
1.800000000000000000e+01 -1.335735080410281883e+00 9.419564511068978518e-01
1.800000000000000000e+01 -1.000000000000000000e+00 0.000000000000000000e+00
1.800000000000000000e+01 1.000000000000000000e+00 0.000000000000000000e+00
1.800000000000000000e+01 1.308092608439460847e+00 9.513563709908968713e-01
1.800000000000000000e+01 9.352917159417044601e-01 1.879267732357313259e+00
1.800000000000000000e+01 -7.212807918865138390e-03 1.545074341485559666e+00
1.900000000000000000e+01 9.222594207030851976e-01 5.543076659494661218e-02
1.900000000000000000e+01 1.836759603390509810e-01 7.295928183871617234e-01
1.900000000000000000e+01 -7.853163641406337714e-01 9.766836419712388029e-01
1.900000000000000000e+01 -1.000000000000000000e+00 0.000000000000000000e+00
1.900000000000000000e+01 1.000000000000000000e+00 0.000000000000000000e+00
1.900000000000000000e+01 1.603122109146306595e+00 7.976488710321794073e-01
1.900000000000000000e+01 7.372004717722868694e-01 1.297828556672746547e+00
1.900000000000000000e+01 -1.323971099160381470e-01 1.791589678999947477e+00
2.000000000000000000e+01 4.718137685897954015e-01 9.849505560527093140e-01
2.000000000000000000e+01 -2.890806955765214958e-01 1.633826210089022624e+00
2.000000000000000000e+01 -1.061025154231422629e+00 9.981362284533265017e-01
2.000000000000000000e+01 -1.000000000000000000e+00 0.000000000000000000e+00
2.000000000000000000e+01 1.000000000000000000e+00 0.000000000000000000e+00
2.000000000000000000e+01 7.990457961266679288e-01 9.796006369667361602e-01
2.000000000000000000e+01 -1.646118193168941701e-01 1.246741049854093619e+00
2.000000000000000000e+01 -1.058091530503860955e+00 7.976374919776785255e-01
2.100000000000000000e+01 1.725582465525421494e-01 1.087203496672281222e+00
2.100000000000000000e+01 -6.760942157547863429e-01 1.616154343367613100e+00
2.100000000000000000e+01 -1.393380493970927336e+00 9.193757593950306894e-01
2.100000000000000000e+01 -1.000000000000000000e+00 0.000000000000000000e+00
2.100000000000000000e+01 1.000000000000000000e+00 0.000000000000000000e+00
2.100000000000000000e+01 9.595071764185935104e-01 9.991798292791969072e-01
2.100000000000000000e+01 -5.492572714094201558e-04 1.278986269752666161e+00
2.100000000000000000e+01 -6.282160162976029305e-01 5.005041314774489880e-01
2.200000000000000000e+01 3.658716583019501201e-01 2.156445325516070266e+00
2.200000000000000000e+01 -6.151656698132424994e-01 1.962626438808391605e+00
2.200000000000000000e+01 -8.075828349066211942e-01 9.813132194041958023e-01
2.200000000000000000e+01 -1.000000000000000000e+00 0.000000000000000000e+00
2.200000000000000000e+01 1.000000000000000000e+00 0.000000000000000000e+00
2.200000000000000000e+01 1.041972093255899345e+00 9.991187834225307984e-01
2.200000000000000000e+01 1.626914763344978754e-01 1.475422884503257981e+00
2.200000000000000000e+01 -8.058869996173967376e-01 1.226714750493320238e+00
2.300000000000000000e+01 -7.336724252759374565e-02 4.645118273306968470e-01
2.300000000000000000e+01 -6.425397190373345335e-01 1.286729980854303124e+00
2.300000000000000000e+01 -1.538511185845493401e+00 8.426183612521628286e-01
2.300000000000000000e+01 -1.000000000000000000e+00 0.000000000000000000e+00
2.300000000000000000e+01 1.000000000000000000e+00 0.000000000000000000e+00
2.300000000000000000e+01 1.451601990946105758e+00 8.922195031344660743e-01
2.300000000000000000e+01 5.135231876400059292e-01 1.238641440643907909e+00
2.300000000000000000e+01 -4.153921335756993738e-01 8.683492235899663569e-01
2.400000000000000000e+01 8.336511908055377340e-01 7.504933346037564457e-01
2.400000000000000000e+01 3.008746210585999670e-02 1.345712062399069264e+00
2.400000000000000000e+01 -9.066322025438715571e-01 9.956316861160011689e-01
2.400000000000000000e+01 -1.000000000000000000e+00 0.000000000000000000e+00
2.400000000000000000e+01 1.000000000000000000e+00 0.000000000000000000e+00
2.400000000000000000e+01 1.107475382647077122e+00 9.942077459589944155e-01
2.400000000000000000e+01 6.031928348586357291e-01 1.857746460780743458e+00
2.400000000000000000e+01 -2.471263785151487369e-01 1.331479194681674638e+00
