0.000000000000000000e+00 8.430360417116204985e-01 9.048163340853019321e-01
0.000000000000000000e+00 -3.385459454812189684e-02 1.385506267451899420e+00
0.000000000000000000e+00 -9.561574893827120558e-01 9.990384548468457249e-01
0.000000000000000000e+00 -1.000000000000000000e+00 0.000000000000000000e+00
0.000000000000000000e+00 1.000000000000000000e+00 0.000000000000000000e+00
0.000000000000000000e+00 9.331305910627192279e-01 9.977617361616843983e-01
0.000000000000000000e+00 -5.802928590178857426e-02 1.130434635789685505e+00
0.000000000000000000e+00 -1.977897021829453372e-01 1.402492864530485717e-01
1.000000000000000000e+00 5.919612220203935848e-01 1.574547096546895286e+00
1.000000000000000000e+00 -4.058346629854917564e-01 1.508189189216103676e+00
1.000000000000000000e+00 -1.247884575053635814e+00 9.687895733597046144e-01
1.000000000000000000e+00 -1.000000000000000000e+00 0.000000000000000000e+00
1.000000000000000000e+00 1.000000000000000000e+00 0.000000000000000000e+00
1.000000000000000000e+00 1.169607158575251216e+00 9.855117512034189398e-01
1.000000000000000000e+00 2.886137838668262345e-01 1.458640352875163915e+00
1.000000000000000000e+00 -4.116201021251684189e-01 7.447268392696642092e-01
2.000000000000000000e+00 6.259783569622410226e-01 1.455382830437595754e+00
2.000000000000000000e+00 -3.578599907124322410e-01 1.634441775047376755e+00
2.000000000000000000e+00 -1.124390090281994770e+00 9.922333926247580704e-01
2.000000000000000000e+00 -1.000000000000000000e+00 0.000000000000000000e+00
2.000000000000000000e+00 1.000000000000000000e+00 0.000000000000000000e+00
2.000000000000000000e+00 1.779044886229232292e+00 6.269681532901670851e-01
2.000000000000000000e+00 1.309354453439470323e+00 1.509799336102467970e+00
2.000000000000000000e+00 3.123942507413259850e-01 1.587711814153641932e+00
3.000000000000000000e+00 1.611332237142182322e-01 1.004795158605072736e+00
3.000000000000000000e+00 -7.083832186778014073e-01 1.498699153739679435e+00
3.000000000000000000e+00 -1.488222404663921861e+00 8.727192467134993192e-01
3.000000000000000000e+00 -1.000000000000000000e+00 0.000000000000000000e+00
3.000000000000000000e+00 1.000000000000000000e+00 0.000000000000000000e+00
3.000000000000000000e+00 9.275758494110123431e-01 9.973739230656993859e-01
3.000000000000000000e+00 1.569326743505539135e-02 1.407825085433236367e+00
3.000000000000000000e+00 -8.652618087767551813e-01 9.346251766244508818e-01
4.000000000000000000e+00 -3.932361676530582439e+00 3.615269065188396747e-01
4.000000000000000000e+00 -3.000000000000000000e+00 2.449293598294706414e-16
4.000000000000000000e+00 -2.000000000000000000e+00 1.224646799147353207e-16
4.000000000000000000e+00 -1.000000000000000000e+00 0.000000000000000000e+00
4.000000000000000000e+00 1.000000000000000000e+00 0.000000000000000000e+00
4.000000000000000000e+00 1.154884458138516035e+00 9.879325911352141443e-01
4.000000000000000000e+00 1.549730113285944233e-01 9.746247536516325916e-01
4.000000000000000000e+00 4.042270737374618061e-01 6.186623272269375917e-03
5.000000000000000000e+00 8.384956460103398790e-01 7.258341082575816561e-01
5.000000000000000000e+00 -6.487005300381820661e-05 1.270642570838311780e+00
5.000000000000000000e+00 -9.625472547498786779e-01 9.992983998152050740e-01
5.000000000000000000e+00 -1.000000000000000000e+00 0.000000000000000000e+00
5.000000000000000000e+00 1.000000000000000000e+00 0.000000000000000000e+00
5.000000000000000000e+00 8.840868299107675909e-01 9.932593503208840824e-01
5.000000000000000000e+00 -1.134887866681135726e-01 1.062850220463921413e+00
5.000000000000000000e+00 -5.972338703036097485e-01 1.876412773774794873e-01
6.000000000000000000e+00 1.024342077543118013e+00 7.613528733648748936e-01
6.000000000000000000e+00 1.473080699002182747e-01 1.241781171280218699e+00
6.000000000000000000e+00 -8.187446225216017393e-01 9.834360620473318049e-01
6.000000000000000000e+00 -1.000000000000000000e+00 0.000000000000000000e+00
6.000000000000000000e+00 1.000000000000000000e+00 0.000000000000000000e+00
6.000000000000000000e+00 1.271505734897844020e+00 9.624368217797891756e-01
6.000000000000000000e+00 6.321676321092459805e-01 1.731362559626218767e+00
6.000000000000000000e+00 -2.785885649224875138e-01 1.318418072354268222e+00
7.000000000000000000e+00 1.084662902451519528e+00 1.296653776497760369e+00
7.000000000000000000e+00 9.661558341634424174e-02 1.450804661501391424e+00
7.000000000000000000e+00 -7.836454130369643334e-01 9.763148532620274933e-01
7.000000000000000000e+00 -1.000000000000000000e+00 0.000000000000000000e+00
7.000000000000000000e+00 1.000000000000000000e+00 0.000000000000000000e+00
7.000000000000000000e+00 1.151159720289744559e+00 9.885093519850615129e-01
7.000000000000000000e+00 7.181603254285350291e-01 1.889903563221092542e+00
7.000000000000000000e+00 -1.612838487107222107e-01 2.365905605834902836e+00
8.000000000000000000e+00 -6.047612472975383291e-02 8.636920689174143462e-02
8.000000000000000000e+00 -1.401694576271909076e-01 1.083188635219509477e+00
8.000000000000000000e+00 -1.135885477993920478e+00 9.907245514623950200e-01
8.000000000000000000e+00 -1.000000000000000000e+00 0.000000000000000000e+00
8.000000000000000000e+00 1.000000000000000000e+00 0.000000000000000000e+00
8.000000000000000000e+00 1.753774008665386352e+00 6.571337336193554535e-01
8.000000000000000000e+00 1.994852641711475361e+00 1.627639319738584778e+00
8.000000000000000000e+00 1.394251683106444650e+00 2.427188247899155993e+00
9.000000000000000000e+00 9.245268075667860685e-01 7.444987125004480788e-01
9.000000000000000000e+00 5.840835295000545990e-02 1.244337509086147264e+00
9.000000000000000000e+00 -9.102562121612306489e-01 9.959648851964360006e-01
9.000000000000000000e+00 -1.000000000000000000e+00 0.000000000000000000e+00
9.000000000000000000e+00 1.000000000000000000e+00 0.000000000000000000e+00
9.000000000000000000e+00 1.063688101495226412e+00 9.979698521137468914e-01
9.000000000000000000e+00 6.369509661455419192e-02 9.942295059099625076e-01
9.000000000000000000e+00 -7.141883911032920196e-02 3.399437546606876026e-03
1.000000000000000000e+01 1.728436659661642949e-01 5.740331388414566804e-01
1.000000000000000000e+01 -2.876501168470826375e-01 1.461696068105907909e+00
1.000000000000000000e+01 -1.167216657046762585e+00 9.859201740537137937e-01
1.000000000000000000e+01 -1.000000000000000000e+00 0.000000000000000000e+00
1.000000000000000000e+01 1.000000000000000000e+00 0.000000000000000000e+00
1.000000000000000000e+01 1.033150738208810981e+00 9.994503632278147753e-01
1.000000000000000000e+01 3.959483208069747295e-02 1.112793476816348548e+00
1.000000000000000000e+01 -2.466032387506524870e-01 1.546229991598859765e-01
1.100000000000000000e+01 4.902137172158367306e-01 1.300119669346457840e+00
1.100000000000000000e+01 -4.372192848785836361e-01 1.674109009603812037e+00
1.100000000000000000e+01 -1.163362973373556208e+00 9.865660337405453006e-01
1.100000000000000000e+01 -1.000000000000000000e+00 0.000000000000000000e+00
1.100000000000000000e+01 1.000000000000000000e+00 0.000000000000000000e+00
1.100000000000000000e+01 1.222643392822590602e+00 9.748999536529098231e-01
1.100000000000000000e+01 2.830029437992332975e-01 1.317063403716155934e+00
1.100000000000000000e+01 -2.908287793746522354e-01 4.980901724812826226e-01
1.200000000000000000e+01 -2.578275885375769683e+00 1.927282718324832222e+00
1.200000000000000000e+01 -2.289606208643371055e+00 9.698539649780297811e-01
1.200000000000000000e+01 -1.999918937012409970e+00 1.273261182838357833e-02
1.200000000000000000e+01 -1.000000000000000000e+00 0.000000000000000000e+00
1.200000000000000000e+01 1.000000000000000000e+00 0.000000000000000000e+00
1.200000000000000000e+01 9.937659482255399856e-01 9.999805681104375621e-01
1.200000000000000000e+01 -5.486031782931499734e-03 1.038652010405099357e+00
1.200000000000000000e+01 -1.080472324775980653e-01 4.392531421560419425e-02
1.300000000000000000e+01 -1.463395601104117816e+00 1.970384251870134662e+00
1.300000000000000000e+01 -2.096635894223048968e+00 1.196429000469480197e+00
1.300000000000000000e+01 -1.979104058341699890e+00 2.033598852743899177e-01
1.300000000000000000e+01 -1.000000000000000000e+00 0.000000000000000000e+00
1.300000000000000000e+01 1.000000000000000000e+00 0.000000000000000000e+00
1.300000000000000000e+01 7.660040324625039254e-01 9.722375672520534584e-01
1.300000000000000000e+01 -2.339933297314900074e-01 9.699406987199300501e-01
1.300000000000000000e+01 -7.485080385869287145e-01 1.124591453490116910e-01
1.400000000000000000e+01 5.906106128691552826e-01 1.574863689193382266e+00
1.400000000000000000e+01 -4.038112182072227663e-01 1.680339856542711230e+00
1.400000000000000000e+01 -1.128877291641821046e+00 9.916605486249158163e-01
1.400000000000000000e+01 -1.000000000000000000e+00 0.000000000000000000e+00
1.400000000000000000e+01 1.000000000000000000e+00 0.000000000000000000e+00
1.400000000000000000e+01 9.318891584661862515e-01 9.976777602340124451e-01
1.400000000000000000e+01 -6.745213300428831715e-02 1.033968022869104164e+00
1.400000000000000000e+01 -3.033174478343105829e-01 6.218226805473436869e-02
1.500000000000000000e+01 6.646652186913377669e-01 7.165240625446671618e-01
1.500000000000000000e+01 1.479561425520747875e-02 1.476569783031288718e+00
1.500000000000000000e+01 -8.588386380699813971e-01 9.899866008679422125e-01
1.500000000000000000e+01 -1.000000000000000000e+00 0.000000000000000000e+00
1.500000000000000000e+01 1.000000000000000000e+00 0.000000000000000000e+00
1.500000000000000000e+01 1.790584429973437697e+00 6.123530510118935233e-01
1.500000000000000000e+01 1.266479664977075759e+00 1.464006851160820410e+00
1.500000000000000000e+01 4.187083202547997596e-01 9.336449491846473547e-01
1.600000000000000000e+01 3.855651920080256367e-01 1.105065424995158585e+00
1.600000000000000000e+01 -5.158635557399208205e-01 1.537992916307005409e+00
1.600000000000000000e+01 -1.322279721734247238e+00 9.466444849883699497e-01
1.600000000000000000e+01 -1.000000000000000000e+00 0.000000000000000000e+00
1.600000000000000000e+01 1.000000000000000000e+00 0.000000000000000000e+00
1.600000000000000000e+01 7.985717311569870969e-01 9.795032682492218479e-01
1.600000000000000000e+01 -1.630811487811185678e-01 1.253772731563582044e+00
1.600000000000000000e+01 -6.666996956668951313e-01 3.898466009061867243e-01
1.700000000000000000e+01 -1.101989806929500881e-01 -6.636015717375898237e-02
1.700000000000000000e+01 1.583207872611236411e-01 8.969140167860178980e-01
1.700000000000000000e+01 -8.376374839227697100e-01 9.867311758392308674e-01
1.700000000000000000e+01 -1.000000000000000000e+00 0.000000000000000000e+00
1.700000000000000000e+01 1.000000000000000000e+00 0.000000000000000000e+00
1.700000000000000000e+01 1.051575640342879536e+00 9.986690910022307799e-01
1.700000000000000000e+01 7.379797515165332777e-01 1.948225628819339139e+00
1.700000000000000000e+01 -1.003999189797288860e-01 2.493312344946763126e+00
1.800000000000000000e+01 2.539520721524286540e-01 2.216095768298287361e-02
1.800000000000000000e+01 -2.532219512185829302e-02 9.823723321409248976e-01
1.800000000000000000e+01 -1.025172352100947926e+00 9.996831261403315017e-01
1.800000000000000000e+01 -1.000000000000000000e+00 0.000000000000000000e+00
1.800000000000000000e+01 1.000000000000000000e+00 0.000000000000000000e+00
1.800000000000000000e+01 1.966411994232888594e+00 2.569977770386570048e-01
1.800000000000000000e+01 1.677374313763881908e+00 1.214315498210210453e+00
1.800000000000000000e+01 1.278656563936610091e+00 2.131389189890806612e+00
1.900000000000000000e+01 -1.318362895255646983e+00 1.573299296397550950e+00
1.900000000000000000e+01 -2.141464013017739809e+00 1.005404455833918576e+00
1.900000000000000000e+01 -1.999880205749181128e+00 1.547818306440594364e-02
1.900000000000000000e+01 -1.000000000000000000e+00 0.000000000000000000e+00
1.900000000000000000e+01 1.000000000000000000e+00 0.000000000000000000e+00
1.900000000000000000e+01 5.124636030502691675e-01 8.731026638656387284e-01
1.900000000000000000e+01 -4.656404380194398840e-01 1.081219181333870294e+00
1.900000000000000000e+01 -4.949220042903219596e-01 8.164797832893977425e-02
2.000000000000000000e+01 5.336418190521443616e-01 1.967822165885906749e+00
2.000000000000000000e+01 -4.182929790260527803e-01 1.661521430973595503e+00
2.000000000000000000e+01 -1.157082726402913320e+00 9.875854479820100895e-01
2.000000000000000000e+01 -1.000000000000000000e+00 0.000000000000000000e+00
2.000000000000000000e+01 1.000000000000000000e+00 0.000000000000000000e+00
2.000000000000000000e+01 7.825267678737924948e-01 9.760662853047331611e-01
2.000000000000000000e+01 -7.559035528200297449e-02 1.489520278323407609e+00
2.000000000000000000e+01 -1.022134294503871388e+00 1.166945370554145933e+00
2.100000000000000000e+01 4.524156712668325753e-01 6.469745501428484369e-01
2.100000000000000000e+01 -2.915765108867703903e-01 1.315162871572009839e+00
2.100000000000000000e+01 -1.231184377095267513e+00 9.729099566697183565e-01
2.100000000000000000e+01 -1.000000000000000000e+00 0.000000000000000000e+00
2.100000000000000000e+01 1.000000000000000000e+00 0.000000000000000000e+00
2.100000000000000000e+01 1.406159275866711855e+00 9.138022995306086527e-01
2.100000000000000000e+01 6.551712996172651682e-01 1.574118178128693257e+00
2.100000000000000000e+01 -2.362771997095713949e-01 1.120996149257958097e+00
2.200000000000000000e+01 3.297903140312450354e-01 8.437620863649453185e-02
2.200000000000000000e+01 1.217931750060827767e-01 1.062505642892179969e+00
2.200000000000000000e+01 -8.757357856183757283e-01 9.922491647888234123e-01
2.200000000000000000e+01 -1.000000000000000000e+00 0.000000000000000000e+00
2.200000000000000000e+01 1.000000000000000000e+00 0.000000000000000000e+00
2.200000000000000000e+01 1.770514178117621240e+00 6.374228591129491583e-01
2.200000000000000000e+01 2.504120051689656901e+00 1.316998036897284230e+00
2.200000000000000000e+01 3.135337525068193631e+00 2.092603929926479811e+00
2.300000000000000000e+01 6.807755408711950729e-01 -4.863251672277690840e-02
2.300000000000000000e+01 1.025908356617222239e-01 7.672733887968700150e-01
2.300000000000000000e+01 -8.718864513874418076e-01 9.917595064640911673e-01
2.300000000000000000e+01 -1.000000000000000000e+00 0.000000000000000000e+00
2.300000000000000000e+01 1.000000000000000000e+00 0.000000000000000000e+00
2.300000000000000000e+01 1.682361889373375829e+00 7.310145360598493403e-01
2.300000000000000000e+01 1.544368440268040210e+00 1.721447677672150789e+00
2.300000000000000000e+01 5.505504056470169605e-01 1.610426445189320432e+00
2.400000000000000000e+01 9.684210131536055144e-01 5.431221942851947038e-01
2.400000000000000000e+01 5.712286632835250622e-02 9.548693103562843065e-01
2.400000000000000000e+01 -9.419330243976448136e-01 9.983126896641129067e-01
2.400000000000000000e+01 -1.000000000000000000e+00 0.000000000000000000e+00
2.400000000000000000e+01 1.000000000000000000e+00 0.000000000000000000e+00
2.400000000000000000e+01 8.770100094000370383e-01 9.924079111999365432e-01
2.400000000000000000e+01 3.655587370554758131e-01 1.851720192048482039e+00
2.400000000000000000e+01 -5.831459525101503338e-01 2.167883776283271668e+00
